1,1659414357.491374
1,1659414357.492572
1,1659414357.492711
1,1659414357.493486
1,1659414357.493611
1,1659414357.494808
1,1659414357.495546
1,1659414357.496334
1,1659414357.496456
1,1659414357.497185
1,1659414357.497937
1,1659414357.498670
1,1659414357.499379
1,1659414357.499492
1,1659414357.500396
1,1659414357.501152
1,1659414357.501904
1,1659414357.502645
1,1659414357.503375
1,1659414357.504099
1,1659414357.504948
1,1659414357.505834
1,1659414357.506551
1,1659414357.507263
1,1659414357.508058
1,1659414357.508859
1,1659414357.509687
1,1659414357.510459
1,1659414357.511242
1,1659414357.511945
1,1659414357.512738
1,1659414357.512853
1,1659414357.513668
1,1659414357.514450
1,1659414357.515180
1,1659414357.515902
1,1659414357.516767
1,1659414357.517648
1,1659414357.518543
1,1659414357.519250
1,1659414357.519377
1,1659414357.520087
1,1659414357.520211
1,1659414357.520313
1,1659414357.521016
1,1659414357.521760
1,1659414357.522550
1,1659414357.523288
1,1659414357.523432
1,1659414357.524141
2,1659414957.979824
2,1659414958.043026
2,1659414958.077309
2,1659414958.121431
2,1659414958.148459
2,1659414958.164069
2,1659414958.242107
2,1659414958.248289
2,1659414958.285568
2,1659414958.352954
2,1659414958.368009
2,1659414958.375223
2,1659414958.447073
2,1659414958.542956
2,1659414958.553039
2,1659414958.560784
2,1659414958.566744
2,1659414958.609139
2,1659414958.621197
2,1659414958.747405
2,1659414958.803209
2,1659414958.854293
2,1659414958.859587
2,1659414958.887810
2,1659414958.928514
2,1659414958.963344
2,1659414959.090482
2,1659414959.163134
2,1659414959.217921
2,1659414959.283934
2,1659414959.351944
2,1659414959.495855
2,1659414959.586903
2,1659414959.596068
2,1659414959.631203
2,1659414959.685349
2,1659414959.740242
2,1659414959.746126
2,1659414959.789529
2,1659414959.799966
2,1659414959.829205
2,1659414959.860913
2,1659414959.979810
2,1659414959.986004
2,1659414959.989502
2,1659414960.022656
2,1659414960.049008
2,1659414960.276949
2,1659414960.289332
2,1659414960.505165
3,1659415557.350175
3,1659415557.381443
3,1659415557.412915
3,1659415557.442014
3,1659415557.536768
3,1659415557.571576
3,1659415557.605096
3,1659415557.632747
3,1659415557.647121
3,1659415557.696474
3,1659415557.739521
3,1659415557.782783
3,1659415557.787140
3,1659415557.813716
3,1659415557.821913
3,1659415557.853450
3,1659415557.864316
3,1659415557.945423
3,1659415558.020884
3,1659415558.056671
3,1659415558.113790
3,1659415558.142040
3,1659415558.143791
3,1659415558.315545
3,1659415558.348449
3,1659415558.356768
3,1659415558.403986
3,1659415558.452233
3,1659415558.517136
3,1659415558.524775
3,1659415558.541943
3,1659415558.613508
3,1659415558.654611
3,1659415558.721595
3,1659415558.771881
3,1659415558.818499
3,1659415558.847144
3,1659415558.919251
3,1659415558.927007
3,1659415559.016889
3,1659415559.046985
3,1659415559.153200
3,1659415559.176280
3,1659415559.212386
3,1659415559.260511
3,1659415559.444038
3,1659415559.502400
3,1659415559.676435
3,1659415559.798395
3,1659415560.060707
4,1659416157.788622
4,1659416157.915484
4,1659416157.949461
4,1659416157.957593
4,1659416157.994826
4,1659416158.059833
4,1659416158.122263
4,1659416158.142286
4,1659416158.224830
4,1659416158.240856
4,1659416158.322468
4,1659416158.354489
4,1659416158.409181
4,1659416158.486041
4,1659416158.527888
4,1659416158.544838
4,1659416158.559194
4,1659416158.570460
4,1659416158.574959
4,1659416158.583601
4,1659416158.650877
4,1659416158.696074
4,1659416158.753318
4,1659416158.754912
4,1659416158.776619
4,1659416158.850091
4,1659416158.927677
4,1659416158.943883
4,1659416158.961914
4,1659416159.083644
4,1659416159.160373
4,1659416159.190830
4,1659416159.201466
4,1659416159.274494
4,1659416159.289559
4,1659416159.327027
4,1659416159.348079
4,1659416159.363972
4,1659416159.400571
4,1659416159.482657
4,1659416159.531383
4,1659416159.594414
4,1659416159.632033
4,1659416159.639254
4,1659416159.640929
4,1659416159.751474
4,1659416159.781804
4,1659416159.985554
4,1659416160.216465
4,1659416160.244151
5,1659416757.227321
5,1659416757.261265
5,1659416757.292073
5,1659416757.318417
5,1659416757.441932
5,1659416757.501144
5,1659416757.514519
5,1659416757.525676
5,1659416757.608195
5,1659416757.639376
5,1659416757.713463
5,1659416757.772833
5,1659416757.877223
5,1659416757.886425
5,1659416757.888103
5,1659416757.932737
5,1659416757.993510
5,1659416758.022150
5,1659416758.158079
5,1659416758.167016
5,1659416758.179170
5,1659416758.253225
5,1659416758.267879
5,1659416758.275061
5,1659416758.306567
5,1659416758.348927
5,1659416758.420841
5,1659416758.476134
5,1659416758.615812
5,1659416758.723423
5,1659416758.778157
5,1659416758.927341
5,1659416758.971024
5,1659416758.981499
5,1659416758.992836
5,1659416759.014380
5,1659416759.040164
5,1659416759.093858
5,1659416759.133013
5,1659416759.215612
5,1659416759.227967
5,1659416759.231656
5,1659416759.247313
5,1659416759.287047
5,1659416759.314912
5,1659416759.386525
5,1659416759.571073
5,1659416759.607484
5,1659416759.641459
5,1659416759.755882
6,1659417357.639975
6,1659417357.655056
6,1659417357.685426
6,1659417357.723761
6,1659417357.725852
6,1659417357.807237
6,1659417357.824748
6,1659417357.857804
6,1659417357.910275
6,1659417357.916467
6,1659417358.018375
6,1659417358.160365
6,1659417358.187592
6,1659417358.189133
6,1659417358.199565
6,1659417358.208769
6,1659417358.245101
6,1659417358.258723
6,1659417358.275557
6,1659417358.367221
6,1659417358.429179
6,1659417358.482855
6,1659417358.505856
6,1659417358.557679
6,1659417358.574410
6,1659417358.589423
6,1659417358.600152
6,1659417358.636963
6,1659417358.640184
6,1659417358.709953
6,1659417358.828815
6,1659417358.871939
6,1659417358.949073
6,1659417358.984096
6,1659417359.063326
6,1659417359.146782
6,1659417359.155502
6,1659417359.205478
6,1659417359.264057
6,1659417359.272262
6,1659417359.321848
6,1659417359.345437
6,1659417359.358422
6,1659417359.407109
6,1659417359.449800
6,1659417359.503659
6,1659417359.568244
6,1659417359.824393
6,1659417359.927741
6,1659417360.036613
7,1659417957.090171
7,1659417957.230332
7,1659417957.263972
7,1659417957.266107
7,1659417957.315637
7,1659417957.348323
7,1659417957.374328
7,1659417957.500589
7,1659417957.511457
7,1659417957.548044
7,1659417957.554738
7,1659417957.673570
7,1659417957.689469
7,1659417957.880192
7,1659417957.887776
7,1659417957.900411
7,1659417957.988727
7,1659417957.994417
7,1659417958.007012
7,1659417958.036582
7,1659417958.124816
7,1659417958.178368
7,1659417958.190458
7,1659417958.207424
7,1659417958.237328
7,1659417958.257124
7,1659417958.275868
7,1659417958.291762
7,1659417958.293649
7,1659417958.311269
7,1659417958.327178
7,1659417958.361033
7,1659417958.410677
7,1659417958.573688
7,1659417958.673746
7,1659417958.739739
7,1659417958.866030
7,1659417958.915801
7,1659417959.130227
7,1659417959.257731
7,1659417959.325362
7,1659417959.350884
7,1659417959.418657
7,1659417959.424313
7,1659417959.526213
7,1659417959.757512
7,1659417959.830244
7,1659417959.876460
7,1659417959.909570
7,1659417959.937040
8,1659418557.499206
8,1659418557.500957
8,1659418557.568780
8,1659418557.640773
8,1659418557.652470
8,1659418557.678565
8,1659418557.688295
8,1659418557.689961
8,1659418557.739376
8,1659418557.805170
8,1659418557.832466
8,1659418557.844844
8,1659418557.958463
8,1659418557.989134
8,1659418557.995426
8,1659418558.026239
8,1659418558.096513
8,1659418558.123811
8,1659418558.172326
8,1659418558.179635
8,1659418558.197959
8,1659418558.234250
8,1659418558.266744
8,1659418558.350612
8,1659418558.572778
8,1659418558.591120
8,1659418558.663956
8,1659418558.680208
8,1659418558.747932
8,1659418558.834868
8,1659418558.923759
8,1659418558.945165
8,1659418558.953097
8,1659418559.004609
8,1659418559.024321
8,1659418559.085098
8,1659418559.122652
8,1659418559.124279
8,1659418559.126058
8,1659418559.356873
8,1659418559.413953
8,1659418559.452231
8,1659418559.464253
8,1659418559.544928
8,1659418559.678872
8,1659418559.774901
8,1659418559.821455
8,1659418559.878645
8,1659418560.021152
8,1659418560.075223
9,1659419157.901096
9,1659419157.926062
9,1659419157.931225
9,1659419157.982350
9,1659419158.008572
9,1659419158.081634
9,1659419158.157169
9,1659419158.204605
9,1659419158.225937
9,1659419158.231913
9,1659419158.337423
9,1659419158.369664
9,1659419158.405180
9,1659419158.501803
9,1659419158.565518
9,1659419158.567152
9,1659419158.569551
9,1659419158.640667
9,1659419158.649194
9,1659419158.663281
9,1659419158.672238
9,1659419158.680273
9,1659419158.803439
9,1659419158.832228
9,1659419158.833882
9,1659419158.845542
9,1659419158.897660
9,1659419158.902997
9,1659419158.952648
9,1659419158.955853
9,1659419159.050366
9,1659419159.068768
9,1659419159.086261
9,1659419159.187530
9,1659419159.270107
9,1659419159.276255
9,1659419159.292189
9,1659419159.321796
9,1659419159.385469
9,1659419159.452600
9,1659419159.455826
9,1659419159.550268
9,1659419159.574787
9,1659419159.605222
9,1659419159.621084
9,1659419159.726865
9,1659419160.060830
9,1659419160.098540
9,1659419160.248408
9,1659419160.415173
